N 150000
ida y vuelta #S->#G (metrica app): [(0.0, 45917), (1.0, 67193), (2.0, 28018), (3.0, 7489), (4.0, 1230), (5.0, 144), (6.0, 8), (7.0, 1)]
strtod ulp: [(0, 76458), (1, 64820), (2, 8142), (3, 561), (4, 19)]
printf ulp: [(0, 66688), (1, 57928), (2, 24574), (3, 810)]
#G desde ROM (metrica app): [(0.0, 66676), (1.0, 57932), (2.0, 24579), (3.0, 813)]
 dec -9 [(0.0, 1972), (1.0, 4597), (2.0, 3244), (3.0, 1271), (4.0, 408), (5.0, 92), (6.0, 7), (7.0, 1)]
 dec -8 [(0.0, 2472), (1.0, 5396), (2.0, 3051), (3.0, 666), (4.0, 72), (5.0, 4)]
 dec -7 [(0.0, 1369), (1.0, 4150), (2.0, 3869), (3.0, 1784), (4.0, 382), (5.0, 35), (6.0, 1)]
 dec -6 [(0.0, 1622), (1.0, 5438), (2.0, 3250), (3.0, 1074), (4.0, 186), (5.0, 9)]
 dec -5 [(0.0, 1736), (1.0, 5517), (2.0, 3350), (3.0, 911), (4.0, 99), (5.0, 3)]
 dec -4 [(0.0, 1322), (1.0, 4927), (2.0, 4115), (3.0, 1076), (4.0, 45)]
 dec -3 [(0.0, 2835), (1.0, 6358), (2.0, 2004), (3.0, 289), (4.0, 11)]
 dec -2 [(0.0, 6873), (1.0, 4144), (2.0, 476)]
 dec -1 [(0.0, 4445), (1.0, 5412), (2.0, 1584), (3.0, 235), (4.0, 20), (5.0, 1)]
 dec 0 [(0.0, 5076), (1.0, 5387), (2.0, 987), (3.0, 85), (4.0, 7)]
 dec 1 [(0.0, 5103), (1.0, 5331), (2.0, 826), (3.0, 53)]
 dec 2 [(0.0, 5239), (1.0, 5404), (2.0, 761), (3.0, 32)]
 dec 3 [(0.0, 5853), (1.0, 5132), (2.0, 501), (3.0, 13)]
peores: [(7.0, '-7.16680672E-09', '-7.16680969E-09'), (6.0, '7.40788011E-09', '7.40788266E-09'), (6.0, '7.20045289E-09', '7.20045523E-09'), (6.0, '7.19372255E-09', '7.19372505E-09'), (6.0, '7.13532450E-09', '7.13532687E-09'), (6.0, '-9.30931886E-07', '-9.30932203E-07'), (6.0, '-7.31604587E-09', '-7.31604855E-09'), (6.0, '-7.07666659E-09', '-7.07666934E-09'), (6.0, '-1.79403226E-09', '-1.79403295E-09'), (5.0, '9.49473256E-07', '9.49473503E-07')]
N 150000
ida y vuelta #S->#G (metrica app): [(0.0, 46117), (1.0, 67274), (2.0, 27615), (3.0, 7517), (4.0, 1331), (5.0, 138), (6.0, 8)]
strtod ulp: [(0, 76432), (1, 64742), (2, 8234), (3, 578), (4, 14)]
printf ulp: [(0, 67294), (1, 57253), (2, 24679), (3, 774)]
#G desde ROM (metrica app): [(0.0, 67289), (1.0, 57290), (2.0, 24647), (3.0, 774)]
 dec -9 [(0.0, 1877), (1.0, 4623), (2.0, 3245), (3.0, 1197), (4.0, 449), (5.0, 78), (6.0, 6)]
 dec -8 [(0.0, 2478), (1.0, 5282), (2.0, 3018), (3.0, 684), (4.0, 91), (5.0, 5)]
 dec -7 [(0.0, 1377), (1.0, 4135), (2.0, 3758), (3.0, 1764), (4.0, 384), (5.0, 43), (6.0, 2)]
 dec -6 [(0.0, 1730), (1.0, 5254), (2.0, 3232), (3.0, 1049), (4.0, 216), (5.0, 9)]
 dec -5 [(0.0, 1755), (1.0, 5486), (2.0, 3315), (3.0, 915), (4.0, 101), (5.0, 2)]
 dec -4 [(0.0, 1303), (1.0, 4992), (2.0, 3981), (3.0, 1156), (4.0, 50)]
 dec -3 [(0.0, 2814), (1.0, 6392), (2.0, 1963), (3.0, 288), (4.0, 12)]
 dec -2 [(0.0, 6865), (1.0, 4126), (2.0, 514)]
 dec -1 [(0.0, 4407), (1.0, 5480), (2.0, 1435), (3.0, 232), (4.0, 26), (5.0, 1)]
 dec 0 [(0.0, 5099), (1.0, 5450), (2.0, 986), (3.0, 100), (4.0, 1)]
 dec 1 [(0.0, 5300), (1.0, 5533), (2.0, 824), (3.0, 77), (4.0, 1)]
 dec 2 [(0.0, 5257), (1.0, 5446), (2.0, 835), (3.0, 39)]
 dec 3 [(0.0, 5855), (1.0, 5075), (2.0, 509), (3.0, 16)]
peores: [(6.0, '9.41960614E-07', '9.41960906E-07'), (6.0, '9.34067104E-07', '9.34067402E-07'), (6.0, '7.25042537E-09', '7.25042770E-09'), (6.0, '7.17302090E-09', '7.17302339E-09'), (6.0, '7.09495015E-09', '7.09495249E-09'), (6.0, '-7.31619169E-09', '-7.31619421E-09'), (6.0, '-6.61507040E-09', '-6.61507294E-09'), (6.0, '-6.54822254E-09', '-6.54822509E-09'), (5.0, '9.81970268E-01', '9.81969978E-01'), (5.0, '9.48537226E-07', '9.48537463E-07')]
N 150000
ida y vuelta #S->#G (metrica app): [(0.0, 46037), (1.0, 67343), (2.0, 27731), (3.0, 7520), (4.0, 1211), (5.0, 154), (6.0, 4)]
strtod ulp: [(0, 76728), (1, 64693), (2, 7992), (3, 576), (4, 11)]
printf ulp: [(0, 67024), (1, 57659), (2, 24530), (3, 787)]
#G desde ROM (metrica app): [(0.0, 67032), (1.0, 57649), (2.0, 24533), (3.0, 786)]
 dec -9 [(0.0, 1904), (1.0, 4676), (2.0, 3234), (3.0, 1299), (4.0, 384), (5.0, 103), (6.0, 4)]
 dec -8 [(0.0, 2480), (1.0, 5355), (2.0, 2985), (3.0, 673), (4.0, 85), (5.0, 5)]
 dec -7 [(0.0, 1387), (1.0, 4189), (2.0, 3830), (3.0, 1720), (4.0, 363), (5.0, 34)]
 dec -6 [(0.0, 1631), (1.0, 5189), (2.0, 3252), (3.0, 1060), (4.0, 209), (5.0, 12)]
 dec -5 [(0.0, 1658), (1.0, 5466), (2.0, 3403), (3.0, 871), (4.0, 91)]
 dec -4 [(0.0, 1337), (1.0, 4922), (2.0, 4111), (3.0, 1199), (4.0, 48)]
 dec -3 [(0.0, 2868), (1.0, 6530), (2.0, 1976), (3.0, 246), (4.0, 2)]
 dec -2 [(0.0, 6913), (1.0, 4129), (2.0, 490)]
 dec -1 [(0.0, 4437), (1.0, 5283), (2.0, 1455), (3.0, 256), (4.0, 27)]
 dec 0 [(0.0, 5123), (1.0, 5529), (2.0, 954), (3.0, 97), (4.0, 1)]
 dec 1 [(0.0, 5193), (1.0, 5495), (2.0, 770), (3.0, 56), (4.0, 1)]
 dec 2 [(0.0, 5317), (1.0, 5490), (2.0, 795), (3.0, 27)]
 dec 3 [(0.0, 5789), (1.0, 5090), (2.0, 476), (3.0, 16)]
peores: [(6.0, '7.12770034E-09', '7.12770275E-09'), (6.0, '3.54168037E-09', '3.54168166E-09'), (6.0, '1.70226569E-09', '1.70226635E-09'), (6.0, '-1.64727034E-09', '-1.64727096E-09'), (5.0, '9.49931637E-07', '9.49931889E-07'), (5.0, '9.42852421E-07', '9.42852666E-07'), (5.0, '9.40637356E-07', '9.40637591E-07'), (5.0, '9.40308102E-07', '9.40308354E-07'), (5.0, '9.38169332E-07', '9.38169565E-07'), (5.0, '9.37862826E-07', '9.37863066E-07')]
N 150000
ida y vuelta #S->#G (metrica app): [(0.0, 45976), (1.0, 67550), (2.0, 27589), (3.0, 7466), (4.0, 1266), (5.0, 144), (6.0, 7), (7.0, 2)]
strtod ulp: [(0, 77225), (1, 64133), (2, 8058), (3, 561), (4, 23)]
printf ulp: [(0, 67040), (1, 57533), (2, 24548), (3, 879)]
#G desde ROM (metrica app): [(0.0, 67037), (1.0, 57555), (2.0, 24524), (3.0, 884)]
 dec -9 [(0.0, 1935), (1.0, 4655), (2.0, 3178), (3.0, 1266), (4.0, 450), (5.0, 99), (6.0, 7), (7.0, 2)]
 dec -8 [(0.0, 2395), (1.0, 5356), (2.0, 3028), (3.0, 687), (4.0, 64), (5.0, 5)]
 dec -7 [(0.0, 1364), (1.0, 4169), (2.0, 3890), (3.0, 1732), (4.0, 362), (5.0, 32)]
 dec -6 [(0.0, 1736), (1.0, 5323), (2.0, 3228), (3.0, 1052), (4.0, 205), (5.0, 5)]
 dec -5 [(0.0, 1610), (1.0, 5476), (2.0, 3312), (3.0, 854), (4.0, 100), (5.0, 1)]
 dec -4 [(0.0, 1251), (1.0, 5068), (2.0, 4008), (3.0, 1147), (4.0, 43)]
 dec -3 [(0.0, 2841), (1.0, 6586), (2.0, 2022), (3.0, 291), (4.0, 11)]
 dec -2 [(0.0, 6939), (1.0, 4067), (2.0, 471)]
 dec -1 [(0.0, 4515), (1.0, 5446), (2.0, 1420), (3.0, 255), (4.0, 25), (5.0, 2)]
 dec 0 [(0.0, 5067), (1.0, 5434), (2.0, 953), (3.0, 87), (4.0, 5)]
 dec 1 [(0.0, 5249), (1.0, 5434), (2.0, 801), (3.0, 50), (4.0, 1)]
 dec 2 [(0.0, 5248), (1.0, 5320), (2.0, 758), (3.0, 33)]
 dec 3 [(0.0, 5826), (1.0, 5216), (2.0, 520), (3.0, 12)]
peores: [(7.0, '7.44652386E-09', '7.44652687E-09'), (7.0, '7.36384866E-09', '7.36385165E-09'), (6.0, '7.44191990E-09', '7.44192255E-09'), (6.0, '7.25516324E-09', '7.25516569E-09'), (6.0, '6.70773944E-09', '6.70774197E-09'), (6.0, '-7.31089384E-09', '-7.31089622E-09'), (6.0, '-7.07180069E-09', '-7.07180301E-09'), (6.0, '-7.00517537E-09', '-7.00517808E-09'), (6.0, '-3.58097043E-09', '-3.58097179E-09'), (5.0, '9.49377493E-01', '9.49377204E-01')]
